2.373321294784545898e+00
2.282603979110717773e+00
2.274331569671630859e+00
2.264687299728393555e+00
2.246164083480834961e+00
2.236280441284179688e+00
2.234177589416503906e+00
2.235257625579833984e+00
2.239034891128540039e+00
2.234301328659057617e+00
2.236555814743041992e+00
2.165647983551025391e+00
2.060146570205688477e+00
2.033935308456420898e+00
1.991748213768005371e+00
1.964966416358947754e+00
1.923143744468688965e+00
1.914487242698669434e+00
1.911584854125976562e+00
1.912458300590515137e+00
1.909538745880126953e+00
1.903296589851379395e+00
1.885421872138977051e+00
1.857326984405517578e+00
1.840056896209716797e+00
1.850199341773986816e+00
1.834427833557128906e+00
1.833460450172424316e+00
1.829749941825866699e+00
1.822247385978698730e+00
1.806914329528808594e+00
1.829635500907897949e+00
1.819551587104797363e+00
1.808084487915039062e+00
1.826941370964050293e+00
1.799117684364318848e+00
1.812019705772399902e+00
1.849146962165832520e+00
1.822669625282287598e+00
1.794862866401672363e+00
1.798622012138366699e+00
1.812838077545166016e+00
1.798647284507751465e+00
1.809141755104064941e+00
1.813003659248352051e+00
1.787860393524169922e+00
1.791358947753906250e+00
1.797246932983398438e+00
1.792523741722106934e+00
1.789697647094726562e+00
1.786187052726745605e+00
1.787183403968811035e+00
1.786598563194274902e+00
1.785094857215881348e+00
1.793132305145263672e+00
1.814762711524963379e+00
1.788874268531799316e+00
1.786125302314758301e+00
1.782872557640075684e+00
1.789697647094726562e+00
1.786187052726745605e+00
1.786598563194274902e+00
1.785094857215881348e+00
1.793132305145263672e+00
1.788874268531799316e+00
1.786125302314758301e+00
1.783617377281188965e+00
1.782872557640075684e+00