4.932966083288192749e-02
1.580437645316123962e-02
9.352709166705608368e-03
1.297547668218612671e-02
4.615173675119876862e-03
3.948438446968793869e-03
6.538151763379573822e-03
9.812121279537677765e-03
3.459841711446642876e-03
5.228228401392698288e-03
5.685944575816392899e-03
1.077794353477656841e-03
3.457418177276849747e-03
2.769665094092488289e-03
1.208689296618103981e-03
1.388009870424866676e-03
4.343028122093528509e-04
3.673290484584867954e-04
1.777084253262728453e-04
1.593951456015929580e-04
1.071390695869922638e-03
4.225437442073598504e-05
3.738529585461947136e-06
5.783427695860154927e-06
1.413981663063168526e-04
1.418953161191893741e-05
1.536977288196794689e-05
3.386329581189784221e-06
1.428935775038553402e-06
4.622369544904358918e-07
4.992358526578755118e-07
4.679276059960102430e-07
8.409987458435352892e-06
5.716008217859780416e-07
1.616237170765089104e-07
1.585476297805143986e-06
9.782483090248206281e-08
1.842955441588856047e-07
9.198632078266655299e-09
2.575848156993743032e-07
5.172162786948319990e-08
4.729467306674450811e-08
1.555200412894919282e-08
4.802299002903964720e-08
4.207692860802580981e-09
2.853022884607980814e-08
1.223556012064364040e-07
7.907621224489957967e-09
3.696877826087074936e-08
1.539682585871560150e-07
1.082519105466417386e-07
2.457650527531995976e-09
4.047469859269625658e-10
1.147545276580785867e-07
4.255546315334868268e-08
2.317706204735259234e-08
7.201884955065906979e-08
3.271151127748339604e-09
1.605056226816614640e-10
1.153373924145384422e-10
